Iter 1
[[100.         101.15828378   0.           0.           0.
    0.        ]
 [100.          86.30153976   0.           0.           0.
    0.        ]
 [100.          91.85985521   0.           0.           0.
    0.        ]
 [100.          89.37576607   0.           0.           0.
    0.        ]
 [100.          95.60586776   0.           0.           0.
    0.        ]
 [100.          86.78638254   0.           0.           0.
    0.        ]
 [100.         113.24240978   0.           0.           0.
    0.        ]
 [100.          96.2764856    0.           0.           0.
    0.        ]
 [100.         104.64085108   0.           0.           0.
    0.        ]
 [100.          98.59160924   0.           0.           0.
    0.        ]]
Iter 2
[[100.         101.15828378 103.21830282   0.           0.
    0.        ]
 [100.          86.30153976  79.33512309   0.           0.
    0.        ]
 [100.          91.85985521  84.85202896   0.           0.
    0.        ]
 [100.          89.37576607  89.26816273   0.           0.
    0.        ]
 [100.          95.60586776 100.71067758   0.           0.
    0.        ]
 [100.          86.78638254 102.23611013   0.           0.
    0.        ]
 [100.         113.24240978 110.06673025   0.           0.
    0.        ]
 [100.          96.2764856   93.83422788   0.           0.
    0.        ]
 [100.         104.64085108 108.51555695   0.           0.
    0.        ]
 [100.          98.59160924 100.5285994    0.           0.
    0.        ]]
Iter 3
[[100.         101.15828378 103.21830282  99.04532796   0.
    0.        ]
 [100.          86.30153976  79.33512309  76.59796629   0.
    0.        ]
 [100.          91.85985521  84.85202896  95.91870303   0.
    0.        ]
 [100.          89.37576607  89.26816273  79.45756784   0.
    0.        ]
 [100.          95.60586776 100.71067758 109.76904655   0.
    0.        ]
 [100.          86.78638254 102.23611013  98.50949397   0.
    0.        ]
 [100.         113.24240978 110.06673025 111.43524819   0.
    0.        ]
 [100.          96.2764856   93.83422788  85.29186931   0.
    0.        ]
 [100.         104.64085108 108.51555695 113.00497821   0.
    0.        ]
 [100.          98.59160924 100.5285994   98.71242531   0.
    0.        ]]
Iter 4
[[100.         101.15828378 103.21830282  99.04532796  86.29286315
    0.        ]
 [100.          86.30153976  79.33512309  76.59796629  69.18552586
    0.        ]
 [100.          91.85985521  84.85202896  95.91870303  93.17011784
    0.        ]
 [100.          89.37576607  89.26816273  79.45756784  80.72127312
    0.        ]
 [100.          95.60586776 100.71067758 109.76904655 103.89112631
    0.        ]
 [100.          86.78638254 102.23611013  98.50949397 109.42539963
    0.        ]
 [100.         113.24240978 110.06673025 111.43524819 116.7751193
    0.        ]
 [100.          96.2764856   93.83422788  85.29186931 101.18473527
    0.        ]
 [100.         104.64085108 108.51555695 113.00497821  92.94901256
    0.        ]
 [100.          98.59160924 100.5285994   98.71242531  94.09619941
    0.        ]]
Iter 5
[[100.         101.15828378 103.21830282  99.04532796  86.29286315
   81.30318798]
 [100.          86.30153976  79.33512309  76.59796629  69.18552586
   65.56068321]
 [100.          91.85985521  84.85202896  95.91870303  93.17011784
   88.1385681 ]
 [100.          89.37576607  89.26816273  79.45756784  80.72127312
   84.90321486]
 [100.          95.60586776 100.71067758 109.76904655 103.89112631
   99.60892614]
 [100.          86.78638254 102.23611013  98.50949397 109.42539963
  122.64041637]
 [100.         113.24240978 110.06673025 111.43524819 116.7751193
  127.12166604]
 [100.          96.2764856   93.83422788  85.29186931 101.18473527
  109.82421888]
 [100.         104.64085108 108.51555695 113.00497821  92.94901256
  106.71009457]
 [100.          98.59160924 100.5285994   98.71242531  94.09619941
  112.96136105]]
PRICE MATRIX: 

[[100.         101.15828378 103.21830282  99.04532796  86.29286315
   81.30318798]
 [100.          86.30153976  79.33512309  76.59796629  69.18552586
   65.56068321]
 [100.          91.85985521  84.85202896  95.91870303  93.17011784
   88.1385681 ]
 [100.          89.37576607  89.26816273  79.45756784  80.72127312
   84.90321486]
 [100.          95.60586776 100.71067758 109.76904655 103.89112631
   99.60892614]
 [100.          86.78638254 102.23611013  98.50949397 109.42539963
  122.64041637]
 [100.         113.24240978 110.06673025 111.43524819 116.7751193
  127.12166604]
 [100.          96.2764856   93.83422788  85.29186931 101.18473527
  109.82421888]
 [100.         104.64085108 108.51555695 113.00497821  92.94901256
  106.71009457]
 [100.          98.59160924 100.5285994   98.71242531  94.09619941
  112.96136105]]


AT TIME 4 PREDICTED FUTURE PAYOUT: 
[[7.23406793e+02]
 [4.30808470e+03]
 [2.10633166e+02]
 [1.47136454e+03]
 [5.93601726e-07]
 [2.16404161e+01]
 [2.61216657e+01]
 [8.82421890e+00]
 [2.21363175e+02]
 [1.69247408e+02]]


AT TIME 4 EXERCISE PAYOUT: 
[[ 0.        ]
 [ 0.        ]
 [ 0.        ]
 [ 0.        ]
 [ 2.89112631]
 [ 8.42539963]
 [15.7751193 ]
 [ 0.18473527]
 [ 0.        ]
 [ 0.        ]]


CASH FLOW MATRIX: 

[[ 0.          0.          0.          0.          0.          0.        ]
 [ 0.          0.          0.          0.          0.          0.        ]
 [ 0.          0.          0.          0.          0.          0.        ]
 [ 0.          0.          0.          0.          0.          0.        ]
 [ 0.          0.          0.          0.          0.          0.        ]
 [ 0.          0.          0.          0.          0.         21.64041637]
 [ 0.          0.          0.          0.          0.         26.12166604]
 [ 0.          0.          0.          0.          0.          8.82421888]
 [ 0.          0.          0.          0.          0.          5.71009457]
 [ 0.          0.          0.          0.          0.         11.96136105]]


AT TIME 3 PREDICTED FUTURE PAYOUT: 
[[ 0.        ]
 [ 0.        ]
 [ 0.        ]
 [ 0.        ]
 [ 2.89112631]
 [ 0.        ]
 [15.7751193 ]
 [ 0.        ]
 [ 0.        ]
 [ 0.        ]]


AT TIME 3 EXERCISE PAYOUT: 
[[ 0.        ]
 [ 0.        ]
 [ 0.        ]
 [ 0.        ]
 [ 8.76904655]
 [ 0.        ]
 [10.43524819]
 [ 0.        ]
 [12.00497821]
 [ 0.        ]]


CASH FLOW MATRIX: 

[[ 0.          0.          0.          0.          0.          0.        ]
 [ 0.          0.          0.          0.          0.          0.        ]
 [ 0.          0.          0.          0.          0.          0.        ]
 [ 0.          0.          0.          0.          0.          0.        ]
 [ 0.          0.          0.          0.          0.          0.        ]
 [ 0.          0.          0.          0.          0.         21.64041637]
 [ 0.          0.          0.          0.          0.         26.12166604]
 [ 0.          0.          0.          0.          0.          8.82421888]
 [ 0.          0.          0.          0.          0.          5.71009457]
 [ 0.          0.          0.          0.          0.         11.96136105]]


AT TIME 2 PREDICTED FUTURE PAYOUT: 
[[   0.        ]
 [1908.61798977]
 [ 925.29592876]
 [ 438.61664932]
 [   4.58156161]
 [   0.        ]
 [  10.4352484 ]
 [ 152.5635511 ]
 [  12.00497825]
 [   5.59045747]]


AT TIME 2 EXERCISE PAYOUT: 
[[2.21830282]
 [0.        ]
 [0.        ]
 [0.        ]
 [0.        ]
 [1.23611013]
 [9.06673025]
 [0.        ]
 [7.51555695]
 [0.        ]]


CASH FLOW MATRIX: 

[[ 0.          0.          0.          0.          0.          0.        ]
 [ 0.          0.          0.          0.          0.          0.        ]
 [ 0.          0.          0.          0.          0.          0.        ]
 [ 0.          0.          0.          0.          0.          0.        ]
 [ 0.          0.          0.          0.          0.          0.        ]
 [ 0.          0.          0.          0.          0.         21.64041637]
 [ 0.          0.          0.          0.          0.         26.12166604]
 [ 0.          0.          0.          0.          0.          8.82421888]
 [ 0.          0.          0.          0.          0.          5.71009457]
 [ 0.          0.          0.          0.          0.         11.96136105]]


AT TIME 1 PREDICTED FUTURE PAYOUT: 
[[2.21830282]
 [0.        ]
 [0.        ]
 [0.        ]
 [0.        ]
 [0.        ]
 [9.06673025]
 [0.        ]
 [7.51555695]
 [0.        ]]


AT TIME 1 EXERCISE PAYOUT: 
[[ 0.15828378]
 [ 0.        ]
 [ 0.        ]
 [ 0.        ]
 [ 0.        ]
 [ 0.        ]
 [12.24240978]
 [ 0.        ]
 [ 3.64085108]
 [ 0.        ]]


CASH FLOW MATRIX: 

[[ 0.          0.          0.          0.          0.          0.        ]
 [ 0.          0.          0.          0.          0.          0.        ]
 [ 0.          0.          0.          0.          0.          0.        ]
 [ 0.          0.          0.          0.          0.          0.        ]
 [ 0.          0.          0.          0.          0.          0.        ]
 [ 0.          0.          0.          0.          0.         21.64041637]
 [ 0.          0.          0.          0.          0.         26.12166604]
 [ 0.          0.          0.          0.          0.          8.82421888]
 [ 0.          0.          0.          0.          0.          5.71009457]
 [ 0.          0.          0.          0.          0.         11.96136105]]


AT TIME 0 PREDICTED FUTURE PAYOUT: 
[[1.60415446]
 [1.60415446]
 [1.60415446]
 [1.60415446]
 [1.60415446]
 [1.60415446]
 [1.60415446]
 [1.60415446]
 [1.60415446]
 [1.60415446]]


AT TIME 0 EXERCISE PAYOUT: 
[[0.]
 [0.]
 [0.]
 [0.]
 [0.]
 [0.]
 [0.]
 [0.]
 [0.]
 [0.]]


CASH FLOW MATRIX: 

[[ 0.          0.          0.          0.          0.          0.        ]
 [ 0.          0.          0.          0.          0.          0.        ]
 [ 0.          0.          0.          0.          0.          0.        ]
 [ 0.          0.          0.          0.          0.          0.        ]
 [ 0.          0.          0.          0.          0.          0.        ]
 [ 0.          0.          0.          0.          0.         21.64041637]
 [ 0.          0.          0.          0.          0.         26.12166604]
 [ 0.          0.          0.          0.          0.          8.82421888]
 [ 0.          0.          0.          0.          0.          5.71009457]
 [ 0.          0.          0.          0.          0.         11.96136105]]


CASH FLOW MATRIX: 

[[ 0.          0.          0.          0.          0.          0.        ]
 [ 0.          0.          0.          0.          0.          0.        ]
 [ 0.          0.          0.          0.          0.          0.        ]
 [ 0.          0.          0.          0.          0.          0.        ]
 [ 0.          0.          0.          0.          0.          0.        ]
 [ 0.          0.          0.          0.          0.         21.64041637]
 [ 0.          0.          0.          0.          0.         26.12166604]
 [ 0.          0.          0.          0.          0.          8.82421888]
 [ 0.          0.          0.          0.          0.          5.71009457]
 [ 0.          0.          0.          0.          0.         11.96136105]]


